1.000000000000000000e+00 0.000000000000000000e+00 0.000000000000000000e+00 0.000000000000000000e+00 1.000000000000000000e+00 0.000000000000000000e+00 0.000000000000000000e+00 0.000000000000000000e+00 1.000000000000000000e+00
1.016700029373168945e+00 4.195400048047304153e-03 1.422800030559301376e-02 4.195400048047304153e-03 9.914100170135498047e-01 -1.295899972319602966e-02 1.422800030559301376e-02 -1.295899972319602966e-02 9.924700260162353516e-01
1.033900022506713867e+00 8.240500465035438538e-03 2.853300049901008606e-02 8.240500465035438538e-03 9.830800294876098633e-01 -2.564899995923042297e-02 2.853300049901008606e-02 -2.564899995923042297e-02 9.853699803352355957e-01
1.051599979400634766e+00 1.213799975812435150e-02 4.292200133204460144e-02 1.213799975812435150e-02 9.750000238418579102e-01 -3.807799890637397766e-02 4.292200133204460144e-02 -3.807799890637397766e-02 9.786900281906127930e-01
1.069900035858154297e+00 1.588900014758110046e-02 5.740499868988990784e-02 1.588900014758110046e-02 9.671599864959716797e-01 -5.025300011038780212e-02 5.740499868988990784e-02 -5.025300011038780212e-02 9.724299907684326172e-01
1.088600039482116699e+00 1.949699968099594116e-02 7.198999822139739990e-02 1.949699968099594116e-02 9.595699906349182129e-01 -6.218200176954269409e-02 7.198999822139739990e-02 -6.218200176954269409e-02 9.665799736976623535e-01
1.107900023460388184e+00 2.296400070190429688e-02 8.668500185012817383e-02 2.296400070190429688e-02 9.522100090980529785e-01 -7.387100160121917725e-02 8.668500185012817383e-02 -7.387100160121917725e-02 9.611300230026245117e-01
1.127799987792968750e+00 2.629199996590614319e-02 1.014999970793724060e-01 2.629199996590614319e-02 9.450899958610534668e-01 -8.532799780368804932e-02 1.014999970793724060e-01 -8.532799780368804932e-02 9.560899734497070312e-01
1.148200035095214844e+00 2.948199957609176636e-02 1.164399981498718262e-01 2.948199957609176636e-02 9.381800293922424316e-01 -9.655799716711044312e-02 1.164399981498718262e-01 -9.655799716711044312e-02 9.514399766921997070e-01
1.169199943542480469e+00 3.253699839115142822e-02 1.315200030803680420e-01 3.253699839115142822e-02 9.315000176429748535e-01 -1.075699999928474426e-01 1.315200030803680420e-01 -1.075699999928474426e-01 9.471899867057800293e-01
1.190700054168701172e+00 3.545799851417541504e-02 1.467400044202804565e-01 3.545799851417541504e-02 9.250199794769287109e-01 -1.183699965476989746e-01 1.467400044202804565e-01 -1.183699965476989746e-01 9.433299899101257324e-01
1.212900042533874512e+00 3.824799880385398865e-02 1.621199995279312134e-01 3.824799880385398865e-02 9.187600016593933105e-01 -1.289599984884262085e-01 1.621199995279312134e-01 -1.289599984884262085e-01 9.398499727249145508e-01
1.235599994659423828e+00 4.090699926018714905e-02 1.776600033044815063e-01 4.090699926018714905e-02 9.126999974250793457e-01 -1.393499970436096191e-01 1.776600033044815063e-01 -1.393499970436096191e-01 9.367499947547912598e-01
1.258900046348571777e+00 4.343700036406517029e-02 1.933799982070922852e-01 4.343700036406517029e-02 9.068300127983093262e-01 -1.495500057935714722e-01 1.933799982070922852e-01 -1.495500057935714722e-01 9.340299963951110840e-01
1.282899975776672363e+00 4.583900049328804016e-02 2.092700004577636719e-01 4.583900049328804016e-02 9.011600017547607422e-01 -1.595499962568283081e-01 2.092700004577636719e-01 -1.595499962568283081e-01 9.316899776458740234e-01
1.307500004768371582e+00 4.811599850654602051e-02 2.253500074148178101e-01 4.811599850654602051e-02 8.956800103187561035e-01 -1.693799942731857300e-01 2.253500074148178101e-01 -1.693799942731857300e-01 9.297299981117248535e-01
1.332800030708312988e+00 5.026800185441970825e-02 2.416400015354156494e-01 5.026800185441970825e-02 8.903800249099731445e-01 -1.790300011634826660e-01 2.416400015354156494e-01 -1.790300011634826660e-01 9.281299710273742676e-01
1.358700037002563477e+00 5.229600146412849426e-02 2.581300139427185059e-01 5.229600146412849426e-02 8.852599859237670898e-01 -1.885000020265579224e-01 2.581300139427185059e-01 -1.885000020265579224e-01 9.269000291824340820e-01
1.385300040245056152e+00 5.420200154185295105e-02 2.748399972915649414e-01 5.420200154185295105e-02 8.803099989891052246e-01 -1.978099942207336426e-01 2.748399972915649414e-01 -1.978099942207336426e-01 9.260399937629699707e-01
1.412600040435791016e+00 5.598700046539306641e-02 2.917799949645996094e-01 5.598700046539306641e-02 8.755400180816650391e-01 -2.069599926471710205e-01 2.917799949645996094e-01 -2.069599926471710205e-01 9.255399703979492188e-01
1.440600037574768066e+00 5.765099823474884033e-02 3.089599907398223877e-01 5.765099823474884033e-02 8.709400296211242676e-01 -2.159499973058700562e-01 3.089599907398223877e-01 -2.159499973058700562e-01 9.254099726676940918e-01
1.469300031661987305e+00 5.919599905610084534e-02 3.263800144195556641e-01 5.919599905610084534e-02 8.664900064468383789e-01 -2.247900068759918213e-01 3.263800144195556641e-01 -2.247900068759918213e-01 9.256399869918823242e-01
1.498800039291381836e+00 6.062199920415878296e-02 3.440699875354766846e-01 6.062199920415878296e-02 8.622099757194519043e-01 -2.334800064563751221e-01 3.440699875354766846e-01 -2.334800064563751221e-01 9.262300133705139160e-01
1.529000043869018555e+00 6.193099915981292725e-02 3.620199859142303467e-01 6.193099915981292725e-02 8.580800294876098633e-01 -2.420399934053421021e-01 3.620199859142303467e-01 -2.420399934053421021e-01 9.271799921989440918e-01
1.559900045394897461e+00 6.312199681997299194e-02 3.802399933338165283e-01 6.312199681997299194e-02 8.540999889373779297e-01 -2.504499852657318115e-01 3.802399933338165283e-01 -2.504499852657318115e-01 9.284899830818176270e-01
1.591699957847595215e+00 6.419699639081954956e-02 3.987599909305572510e-01 6.419699639081954956e-02 8.502799868583679199e-01 -2.587400078773498535e-01 3.987599909305572510e-01 -2.587400078773498535e-01 9.301499724388122559e-01
1.624199986457824707e+00 6.515599787235260010e-02 4.175699949264526367e-01 6.515599787235260010e-02 8.465899825096130371e-01 -2.669000029563903809e-01 4.175699949264526367e-01 -2.669000029563903809e-01 9.321799874305725098e-01
1.657600045204162598e+00 6.599900126457214355e-02 4.366900026798248291e-01 6.599900126457214355e-02 8.430500030517578125e-01 -2.749300003051757812e-01 4.366900026798248291e-01 -2.749300003051757812e-01 9.345600008964538574e-01
1.691799998283386230e+00 6.672699749469757080e-02 4.561400115489959717e-01 6.672699749469757080e-02 8.396499752998352051e-01 -2.828499972820281982e-01 4.561400115489959717e-01 -2.828499972820281982e-01 9.373000264167785645e-01
1.726799964904785156e+00 6.734000146389007568e-02 4.759100079536437988e-01 6.734000146389007568e-02 8.363800048828125000e-01 -2.906500101089477539e-01 4.759100079536437988e-01 -2.906500101089477539e-01 9.404000043869018555e-01
1.762699961662292480e+00 6.783899664878845215e-02 4.960300028324127197e-01 6.783899664878845215e-02 8.332399725914001465e-01 -2.983399927616119385e-01 4.960300028324127197e-01 -2.983399927616119385e-01 9.438599944114685059e-01
1.799499988555908203e+00 6.822399795055389404e-02 5.164899826049804688e-01 6.822399795055389404e-02 8.302299976348876953e-01 -3.059299886226654053e-01 5.164899826049804688e-01 -3.059299886226654053e-01 9.476799964904785156e-01
1.837299942970275879e+00 6.849499791860580444e-02 5.373299717903137207e-01 6.849499791860580444e-02 8.273500204086303711e-01 -3.134100139141082764e-01 5.373299717903137207e-01 -3.134100139141082764e-01 9.518600106239318848e-01
1.875900030136108398e+00 6.865099817514419556e-02 5.585299730300903320e-01 6.865099817514419556e-02 8.245900273323059082e-01 -3.208000063896179199e-01 5.585299730300903320e-01 -3.208000063896179199e-01 9.563999772071838379e-01
1.915500044822692871e+00 6.869299709796905518e-02 5.801299810409545898e-01 6.869299709796905518e-02 8.219500184059143066e-01 -3.280999958515167236e-01 5.801299810409545898e-01 -3.280999958515167236e-01 9.613100290298461914e-01
1.955999970436096191e+00 6.862200051546096802e-02 6.021299958229064941e-01 6.862200051546096802e-02 8.194299936294555664e-01 -3.352999985218048096e-01 6.021299958229064941e-01 -3.352999985218048096e-01 9.665799736976623535e-01
1.997599959373474121e+00 6.843599677085876465e-02 6.245399713516235352e-01 6.843599677085876465e-02 8.170199990272521973e-01 -3.424200117588043213e-01 6.245399713516235352e-01 -3.424200117588043213e-01 9.722200036048889160e-01
2.040100097656250000e+00 6.813500076532363892e-02 6.473699808120727539e-01 6.813500076532363892e-02 8.147199749946594238e-01 -3.494600057601928711e-01 6.473699808120727539e-01 -3.494600057601928711e-01 9.782199859619140625e-01
2.083699941635131836e+00 6.772000342607498169e-02 6.706500053405761719e-01 6.772000342607498169e-02 8.125399947166442871e-01 -3.564099967479705811e-01 6.706500053405761719e-01 -3.564099967479705811e-01 9.846000075340270996e-01
2.128400087356567383e+00 6.718900054693222046e-02 6.943699717521667480e-01 6.718900054693222046e-02 8.104599714279174805e-01 -3.632999956607818604e-01 6.943699717521667480e-01 -3.632999956607818604e-01 9.913499951362609863e-01
2.174099922180175781e+00 6.654299795627593994e-02 7.185500264167785645e-01 6.654299795627593994e-02 8.084899783134460449e-01 -3.701100051403045654e-01 7.185500264167785645e-01 -3.701100051403045654e-01 9.984700083732604980e-01
2.220999956130981445e+00 6.578099727630615234e-02 7.432199716567993164e-01 6.578099727630615234e-02 8.066200017929077148e-01 -3.768500089645385742e-01 7.432199716567993164e-01 -3.768500089645385742e-01 1.006000041961669922e+00
2.268899917602539062e+00 6.490299850702285767e-02 7.683699727058410645e-01 6.490299850702285767e-02 8.048400282859802246e-01 -3.835299909114837646e-01 7.683699727058410645e-01 -3.835299909114837646e-01 1.013900041580200195e+00
2.318099975585937500e+00 6.390699744224548340e-02 7.940300107002258301e-01 6.390699744224548340e-02 8.031700253486633301e-01 -3.901500105857849121e-01 7.940300107002258301e-01 -3.901500105857849121e-01 1.022099971771240234e+00
2.368400096893310547e+00 6.279399991035461426e-02 8.202099800109863281e-01 6.279399991035461426e-02 8.015900254249572754e-01 -3.967100083827972412e-01 8.202099800109863281e-01 -3.967100083827972412e-01 1.030799984931945801e+00
2.419899940490722656e+00 6.156200170516967773e-02 8.469200134277343750e-01 6.156200170516967773e-02 8.001099824905395508e-01 -4.032199978828430176e-01 8.469200134277343750e-01 -4.032199978828430176e-01 1.039800047874450684e+00
2.472599983215332031e+00 6.021000072360038757e-02 8.741800189018249512e-01 6.021000072360038757e-02 7.987200021743774414e-01 -4.096800088882446289e-01 8.741800189018249512e-01 -4.096800088882446289e-01 1.049299955368041992e+00
2.526599884033203125e+00 5.873800069093704224e-02 9.020000100135803223e-01 5.873800069093704224e-02 7.974200248718261719e-01 -4.160900115966796875e-01 9.020000100135803223e-01 -4.160900115966796875e-01 1.059100031852722168e+00
2.582000017166137695e+00 5.714499950408935547e-02 9.304000139236450195e-01 5.714499950408935547e-02 7.962099909782409668e-01 -4.224599897861480713e-01 9.304000139236450195e-01 -4.224599897861480713e-01 1.069399952888488770e+00
2.638600111007690430e+00 5.542999878525733948e-02 9.593899846076965332e-01 5.542999878525733948e-02 7.950800061225891113e-01 -4.287799894809722900e-01 9.593899846076965332e-01 -4.287799894809722900e-01 1.080100059509277344e+00
